8713.35223103756
8314.577534647404
8408.494030324413
8424.97847651403
8400.789162712652
7853.96864286
8272.10343620279
8408.502570681047
8366.119450351955
8404.627031918028
8401.033377501806
8397.178038382614
8396.492403546183
8400.965677934511
8400.276207451012
8196.396615945392
8236.584954020838
8249.495136075911
8252.067336128284
8220.69270506545
8075.593788307294
8177.80484473892
8240.34475219895
8273.152301408323
8263.364380548923
8203.017977445597
8181.208105237988
8251.864782617027
8134.24032478292
8319.814513573603
8173.214947574313
8331.089340887254
8262.408377019161
8255.998731676518
8352.058940650422
8712.663557784224
8951.494655334165
9391.378756293236
9436.233037567274
8899.235157685576
8961.910375871315
8941.04257471081
8942.1289698475
8924.649980276834
8916.908743294947
8794.960147579466
8930.560471223209
8896.970008268814
8928.78047755059
8896.730747070449
8916.667876807314
8896.730747070449
8891.48976326571
8904.232304656194
8888.435501482045
8907.07093448894
8892.408859899531
8882.792209273644
8936.443547838859
8947.13531663281
